(254, 254, 254, 255)/(254, 254, 254, 255)/(254, 254, 254, 255)/(254, 254, 255, 255)/(254, 255, 255, 255)/(254, 254, 255, 255)/(254, 250, 224, 255)/(254, 245, 184, 255)/(254, 241, 153, 255)/(254, 239, 136, 255)/(254, 239, 136, 255)/(254, 241, 153, 255)/(254, 245, 184, 255)/(254, 250, 224, 255)/(254, 254, 255, 255)/(254, 255, 255, 255)/(254, 254, 255, 255)/(254, 254, 254, 255)/(254, 254, 254, 255)/(254, 254, 254, 255)
(254, 254, 254, 255)/(254, 254, 254, 255)/(254, 255, 255, 255)/(254, 252, 241, 255)/(254, 241, 154, 255)/(254, 231, 67, 255)/(254, 225, 19, 255)/(254, 224, 0, 255)/(254, 223, 0, 255)/(253, 223, 0, 255)/(254, 223, 0, 255)/(254, 223, 0, 255)/(254, 224, 0, 255)/(254, 225, 19, 255)/(254, 230, 67, 255)/(254, 241, 154, 255)/(254, 252, 241, 255)/(254, 255, 255, 255)/(254, 254, 254, 255)/(254, 254, 254, 255)
(254, 254, 254, 255)/(254, 255, 255, 255)/(254, 246, 190, 255)/(254, 227, 44, 255)/(254, 222, 0, 255)/(253, 224, 0, 255)/(253, 225, 0, 255)/(255, 233, 0, 255)/(255, 230, 0, 255)/(253, 227, 0, 255)/(253, 227, 0, 255)/(255, 230, 0, 255)/(255, 233, 0, 255)/(253, 225, 0, 255)/(253, 224, 0, 255)/(254, 222, 0, 255)/(254, 228, 44, 255)/(254, 246, 190, 255)/(254, 255, 255, 255)/(254, 254, 254, 255)
(254, 255, 255, 255)/(254, 247, 194, 255)/(254, 224, 13, 255)/(254, 223, 0, 255)/(253, 226, 0, 255)/(253, 227, 0, 255)/(253, 228, 0, 255)/(177, 159, 0, 255)/(224, 202, 0, 255)/(254, 232, 0, 255)/(254, 232, 0, 255)/(224, 202, 0, 255)/(177, 159, 0, 255)/(253, 228, 0, 255)/(253, 227, 0, 255)/(253, 226, 0, 255)/(254, 223, 0, 255)/(254, 224, 13, 255)/(254, 247, 194, 255)/(254, 255, 255, 255)
(254, 254, 251, 255)/(254, 230, 63, 255)/(254, 222, 0, 255)/(253, 226, 0, 255)/(255, 230, 0, 255)/(255, 230, 0, 255)/(249, 226, 0, 255)/(41, 37, 0, 255)/(163, 149, 0, 255)/(255, 241, 0, 255)/(255, 241, 0, 255)/(163, 149, 0, 255)/(41, 37, 0, 255)/(249, 226, 0, 255)/(255, 230, 0, 255)/(255, 230, 0, 255)/(253, 226, 0, 255)/(254, 222, 0, 255)/(254, 230, 63, 255)/(254, 254, 251, 255)
(254, 252, 237, 255)/(254, 226, 25, 255)/(254, 223, 0, 255)/(252, 226, 0, 255)/(217, 195, 0, 255)/(249, 225, 0, 255)/(255, 234, 0, 255)/(226, 207, 0, 255)/(244, 225, 0, 255)/(254, 234, 0, 255)/(254, 234, 0, 255)/(244, 225, 0, 255)/(227, 207, 0, 255)/(255, 235, 0, 255)/(248, 223, 0, 255)/(216, 194, 0, 255)/(252, 226, 0, 255)/(254, 223, 0, 255)/(254, 226, 25, 255)/(254, 252, 237, 255)
(254, 254, 251, 255)/(254, 230, 63, 255)/(254, 223, 0, 255)/(249, 223, 0, 255)/(151, 136, 0, 255)/(150, 136, 0, 255)/(222, 203, 0, 255)/(255, 233, 0, 255)/(255, 237, 0, 255)/(255, 237, 0, 255)/(255, 237, 0, 255)/(255, 237, 0, 255)/(254, 231, 0, 255)/(217, 199, 0, 255)/(145, 131, 0, 255)/(158, 142, 0, 255)/(249, 223, 0, 255)/(254, 223, 0, 255)/(254, 230, 63, 255)/(254, 254, 251, 255)
(254, 255, 255, 255)/(254, 246, 194, 255)/(254, 224, 13, 255)/(254, 223, 0, 255)/(255, 232, 0, 255)/(220, 198, 0, 255)/(172, 155, 0, 255)/(164, 149, 0, 255)/(174, 158, 0, 255)/(181, 164, 0, 255)/(180, 164, 0, 255)/(173, 157, 0, 255)/(163, 148, 0, 255)/(174, 157, 0, 255)/(225, 203, 0, 255)/(255, 232, 0, 255)/(254, 223, 0, 255)/(254, 223, 13, 255)/(254, 246, 194, 255)/(254, 254, 255, 255)
(254, 254, 254, 255)/(254, 255, 255, 255)/(254, 246, 190, 255)/(254, 228, 44, 255)/(254, 222, 0, 255)/(255, 227, 0, 255)/(255, 231, 0, 255)/(252, 225, 0, 255)/(240, 216, 0, 255)/(233, 209, 0, 255)/(234, 210, 0, 255)/(241, 216, 0, 255)/(253, 226, 0, 255)/(255, 231, 0, 255)/(255, 227, 0, 255)/(254, 222, 0, 255)/(254, 227, 44, 255)/(254, 246, 189, 255)/(254, 255, 255, 255)/(254, 254, 254, 255)
(254, 254, 254, 255)/(254, 254, 254, 255)/(254, 255, 255, 255)/(254, 252, 241, 255)/(254, 241, 154, 255)/(254, 231, 67, 255)/(254, 225, 19, 255)/(254, 224, 0, 255)/(255, 225, 0, 255)/(255, 225, 0, 255)/(255, 225, 0, 255)/(255, 224, 0, 255)/(254, 224, 0, 255)/(254, 225, 19, 255)/(254, 231, 67, 255)/(254, 241, 154, 255)/(254, 252, 241, 255)/(254, 255, 255, 255)/(254, 254, 254, 255)/(254, 254, 254, 255)
(254, 254, 254, 255)/(254, 254, 254, 255)/(254, 254, 254, 255)/(254, 254, 255, 255)/(254, 255, 255, 255)/(254, 254, 255, 255)/(254, 250, 224, 255)/(254, 245, 184, 255)/(254, 241, 153, 255)/(254, 239, 136, 255)/(254, 239, 136, 255)/(254, 241, 153, 255)/(254, 245, 184, 255)/(254, 250, 224, 255)/(254, 254, 255, 255)/(254, 255, 255, 255)/(254, 254, 255, 255)/(254, 254, 254, 255)/(254, 254, 254, 255)/(254, 254, 254, 255)
